11,60,61
12,35,37
13,84,85
15,112,113
16,63,65
17,144,145
19,180,181
20,21,29
20,99,101
21,20,29
21,220,221
23,264,265
24,143,145
25,312,313
27,364,365
28,45,53
28,195,197
29,420,421
31,480,481
32,255,257
33,56,65
33,544,545
35,12,37
35,612,613
36,77,85
36,323,325
37,684,685
39,80,89
39,760,761
40,399,401
41,840,841
43,924,925
44,117,125
44,483,485
45,28,53
48,55,73
48,575,577
51,140,149
52,165,173
52,675,677
55,48,73
56,33,65
56,783,785
57,176,185
60,11,61
60,91,109
60,221,229
60,899,901
63,16,65
65,72,97
68,285,293
69,260,269
72,65,97
75,308,317
76,357,365
77,36,85
80,39,89
84,13,85
84,187,205
84,437,445
85,132,157
87,416,425
88,105,137
91,60,109
92,525,533
93,476,485
95,168,193
96,247,265
99,20,101

